32
32
32
32
32
32
32
32
32
32
32
32
32
32
32
32
32
31
32
32
31
32
32
32
32
32
32
32
32
32
32
32
32
32
32
32
32
32
32
31
32
32
32
32
32
32
32
32
32
32
32
32
32
32
32
32
32
32
32
32
32
32
32
31
31
32
32
32
32
32
32
32
32
32
32
32
32
32
32
32
32
32
32
29
23
23
21
20
20
22
22
20
22
20
21
20
17
20
20
21
22
21
20
21
19
21
18
18
20
23
22
22
21
21
21
23
21
22
21
19
21
19
20
22
21
23
20
21
21
21
21
22
20
23
23
20
23
22
21
21
21
21
22
23
22
21
21
21
22
22
20
22
20
22
22
21
21
21
21
24
21
22
24
22
24
23
21
26
29
28
28
28
28
27
28
27
29
29
28
29
28
29
28
28
29
29
30
29
28
29
29
28
29
29
28
29
28
29
28
28
29
28
28
29
29
28
29
29
28
29
28
29
29
28
28
29
27
29
29
29
29
28
29
29
28
28
29
29
29
28
28
29
29
29
29
28
27
28
29
29
29
29
29
28
29
28
28
29
28
28
28
28
29
29
29
29
29
28
28
29
29
29
29
29
29
28
28
57
57
54
56
56
56
56
57
57
57
57
58
57
57
58
57
58
58
58
58
58
58
57
57
57
57
57
57
57
58
57
58
58
58
57
58
58
57
57
57
58
57
57
58
57
57
57
57
57
58
57
57
58
57
57
57
58
57
58
58
57
58
58
58
57
57
58
